[DAT]

PTH={
"res://": Object(ImageTexture,"resource_local_to_scene":false,"resource_name":"","image":Object(Image,"resource_local_to_scene":false,"resource_name":"","data":{
"data": PackedByteArray(0, 0, 0, 0, 0, 0, 0, 0, 0, 0, 0, 0, 1, 1, 0, 0, 0, 0, 0, 0, 8, 6, 0, 3, 228, 165, 5, 0, 255, 189, 7, 177, 255, 189, 7, 177, 232, 168, 6, 0, 15, 11, 1, 3, 0, 0, 0, 0, 1, 1, 0, 0, 0, 0, 0, 0, 0, 0, 0, 0, 0, 0, 0, 0, 0, 0, 0, 0, 0, 0, 0, 0, 0, 0, 0, 0, 4, 3, 0, 0, 0, 0, 0, 3, 114, 82, 3, 0, 255, 197, 7, 49, 250, 184, 7, 255, 250, 182, 7, 255, 255, 200, 9, 50, 116, 85, 4, 0, 0, 0, 0, 3, 4, 3, 0, 0, 0, 0, 0, 0, 0, 0, 0, 0, 0, 0, 0, 0, 0, 0, 0, 0, 0, 0, 0, 0, 1, 1, 0, 0, 0, 0, 0, 0, 9, 7, 0, 3, 232, 169, 6, 0, 255, 191, 7, 178, 251, 183, 8, 255, 251, 183, 8, 255, 255, 189, 6, 178, 238, 173, 6, 0, 15, 11, 1, 3, 0, 0, 0, 0, 1, 1, 0, 0, 0, 0, 0, 0, 0, 0, 0, 0, 0, 0, 0, 0, 0, 0, 0, 0, 4, 3, 0, 0, 0, 0, 0, 3, 124, 90, 3, 0, 255, 199, 7, 57, 249, 182, 7, 255, 255, 190, 4, 253, 255, 190, 4, 253, 249, 182, 6, 255, 255, 198, 8, 58, 124, 89, 3, 0, 0, 0, 0, 3, 4, 3, 0, 0, 0, 0, 0, 0, 0, 0, 0, 0, 0, 0, 0, 0, 1, 1, 0, 0, 0, 0, 0, 0, 17, 13, 1, 3, 241, 175, 8, 0, 255, 188, 7, 183, 254, 185, 7, 255, 214, 160, 20, 252, 214, 160, 18, 252, 255, 185, 6, 255, 255, 187, 6, 183, 241, 174, 6, 0, 17, 13, 1, 3, 0, 0, 0, 0, 1, 1, 0, 0, 0, 0, 0, 0, 0, 0, 0, 0, 4, 3, 0, 0, 0, 0, 0, 3, 131, 96, 3, 0, 255, 199, 8, 63, 250, 182, 7, 255, 255, 187, 6, 253, 88, 81, 60, 255, 88, 79, 57, 255, 255, 188, 5, 253, 249, 182, 6, 255, 255, 198, 7, 64, 131, 96, 3, 0, 0, 0, 0, 3, 4, 3, 0, 0, 0, 0, 0, 0, 2, 1, 0, 0, 0, 0, 0, 0, 20, 14, 1, 2, 244, 176, 7, 0, 255, 187, 7, 189, 252, 184, 7, 255, 255, 188, 4, 252, 96, 85, 56, 255, 97, 85, 53, 255, 255, 189, 4, 252, 252, 184, 6, 255, 255, 188, 6, 190, 244, 176, 7, 0, 20, 14, 1, 2, 0, 0, 0, 0, 1, 1, 0, 0, 5, 3, 0, 0, 0, 0, 0, 3, 139, 101, 3, 0, 255, 198, 7, 69, 250, 182, 7, 255, 253, 184, 6, 253, 255, 190, 4, 255, 97, 85, 53, 255, 99, 85, 50, 255, 255, 190, 3, 255, 253, 184, 6, 252, 250, 181, 6, 255, 255, 196, 6, 70, 139, 101, 3, 0, 0, 0, 0, 3, 4, 3, 0, 0, 0, 0, 0, 0, 23, 17, 0, 2, 247, 180, 7, 0, 255, 187, 6, 196, 253, 184, 6, 255, 252, 184, 6, 252, 255, 192, 3, 255, 100, 86, 49, 255, 102, 87, 47, 255, 255, 192, 3, 255, 252, 183, 7, 252, 253, 183, 6, 255, 255, 186, 6, 196, 247, 179, 6, 0, 23, 16, 0, 2, 0, 0, 0, 0, 0, 0, 0, 4, 143, 103, 3, 0, 255, 199, 6, 76, 250, 182, 6, 255, 254, 185, 6, 252, 252, 184, 7, 255, 255, 193, 3, 255, 98, 84, 47, 255, 101, 85, 45, 255, 255, 193, 3, 255, 252, 182, 7, 255, 254, 184, 6, 252, 250, 181, 6, 255, 255, 198, 6, 77, 144, 104, 3, 0, 0, 0, 0, 4, 30, 21, 0, 1, 243, 174, 6, 0, 255, 187, 6, 202, 253, 185, 6, 255, 254, 185, 6, 252, 252, 184, 7, 255, 255, 193, 3, 255, 116, 94, 39, 255, 119, 96, 37, 255, 255, 192, 3, 255, 252, 183, 7, 255, 254, 184, 6, 252, 253, 184, 6, 255, 255, 186, 6, 203, 249, 177, 4, 0, 35, 25, 0, 1, 165, 119, 3, 0, 255, 194, 5, 81, 251, 183, 6, 255, 254, 185, 6, 252, 254, 185, 6, 255, 253, 184, 6, 255, 255, 188, 5, 255, 234, 172, 10, 255, 234, 171, 10, 255, 255, 187, 5, 255, 253, 183, 6, 255, 254, 184, 6, 255, 254, 184, 6, 252, 251, 182, 6, 255, 255, 191, 3, 82, 168, 120, 3, 0, 252, 183, 5, 0, 255, 185, 6, 204, 254, 185, 6, 255, 254, 185, 6, 253, 254, 185, 6, 255, 254, 185, 6, 255, 255, 186, 6, 255, 87, 73, 38, 255, 85, 72, 37, 255, 255, 185, 6, 255, 254, 184, 6, 255, 254, 184, 6, 255, 254, 184, 6, 252, 254, 184, 5, 255, 254, 184, 5, 204, 255, 187, 3, 0, 254, 185, 5, 94, 254, 185, 6, 255, 254, 185, 6, 251, 254, 185, 6, 254, 254, 185, 6, 254, 254, 185, 6, 254, 255, 186, 6, 254, 90, 74, 34, 254, 88, 72, 34, 254, 255, 186, 5, 254, 254, 184, 6, 254, 254, 184, 6, 254, 254, 184, 5, 254, 254, 184, 5, 251, 254, 183, 5, 255, 253, 182, 4, 95, 254, 184, 6, 230, 254, 185, 6, 255, 254, 185, 6, 255, 254, 185, 6, 255, 254, 185, 6, 255, 253, 184, 6, 255, 255, 186, 6, 255, 252, 183, 6, 255, 252, 182, 6, 255, 255, 186, 6, 255, 253, 184, 6, 255, 254, 184, 5, 255, 254, 184, 5, 255, 254, 184, 5, 255, 254, 183, 5, 255, 254, 183, 5, 230, 254, 185, 6, 190, 254, 185, 6, 233, 254, 185, 6, 227, 254, 185, 6, 228, 254, 184, 6, 228, 254, 184, 6, 228, 254, 184, 6, 228, 255, 185, 6, 228, 255, 185, 6, 228, 254, 184, 6, 228, 254, 184, 5, 228, 254, 184, 5, 228, 254, 184, 5, 228, 254, 183, 5, 227, 254, 183, 5, 233, 254, 183, 5, 190),
"format": "RGBA8",
"height": 16,
"mipmaps": false,
"width": 16
},"script":null)
,"script":null,"metadata/path":"res://addons/fancy_folder_icons/samples/warning.png")
,
"res://addons/": Object(ImageTexture,"resource_local_to_scene":false,"resource_name":"","image":Object(Image,"resource_local_to_scene":false,"resource_name":"","data":{
"data": PackedByteArray(0, 0, 0, 0, 0, 0, 0, 0, 0, 0, 0, 0, 1, 1, 0, 0, 0, 0, 0, 0, 8, 6, 0, 3, 228, 165, 5, 0, 255, 189, 7, 177, 255, 189, 7, 177, 232, 168, 6, 0, 15, 11, 1, 3, 0, 0, 0, 0, 1, 1, 0, 0, 0, 0, 0, 0, 0, 0, 0, 0, 0, 0, 0, 0, 0, 0, 0, 0, 0, 0, 0, 0, 0, 0, 0, 0, 4, 3, 0, 0, 0, 0, 0, 3, 114, 82, 3, 0, 255, 197, 7, 49, 250, 184, 7, 255, 250, 182, 7, 255, 255, 200, 9, 50, 116, 85, 4, 0, 0, 0, 0, 3, 4, 3, 0, 0, 0, 0, 0, 0, 0, 0, 0, 0, 0, 0, 0, 0, 0, 0, 0, 0, 0, 0, 0, 0, 1, 1, 0, 0, 0, 0, 0, 0, 9, 7, 0, 3, 232, 169, 6, 0, 255, 191, 7, 178, 251, 183, 8, 255, 251, 183, 8, 255, 255, 189, 6, 178, 238, 173, 6, 0, 15, 11, 1, 3, 0, 0, 0, 0, 1, 1, 0, 0, 0, 0, 0, 0, 0, 0, 0, 0, 0, 0, 0, 0, 0, 0, 0, 0, 4, 3, 0, 0, 0, 0, 0, 3, 124, 90, 3, 0, 255, 199, 7, 57, 249, 182, 7, 255, 255, 190, 4, 253, 255, 190, 4, 253, 249, 182, 6, 255, 255, 198, 8, 58, 124, 89, 3, 0, 0, 0, 0, 3, 4, 3, 0, 0, 0, 0, 0, 0, 0, 0, 0, 0, 0, 0, 0, 0, 1, 1, 0, 0, 0, 0, 0, 0, 17, 13, 1, 3, 241, 175, 8, 0, 255, 188, 7, 183, 254, 185, 7, 255, 214, 160, 20, 252, 214, 160, 18, 252, 255, 185, 6, 255, 255, 187, 6, 183, 241, 174, 6, 0, 17, 13, 1, 3, 0, 0, 0, 0, 1, 1, 0, 0, 0, 0, 0, 0, 0, 0, 0, 0, 4, 3, 0, 0, 0, 0, 0, 3, 131, 96, 3, 0, 255, 199, 8, 63, 250, 182, 7, 255, 255, 187, 6, 253, 88, 81, 60, 255, 88, 79, 57, 255, 255, 188, 5, 253, 249, 182, 6, 255, 255, 198, 7, 64, 131, 96, 3, 0, 0, 0, 0, 3, 4, 3, 0, 0, 0, 0, 0, 0, 2, 1, 0, 0, 0, 0, 0, 0, 20, 14, 1, 2, 244, 176, 7, 0, 255, 187, 7, 189, 252, 184, 7, 255, 255, 188, 4, 252, 96, 85, 56, 255, 97, 85, 53, 255, 255, 189, 4, 252, 252, 184, 6, 255, 255, 188, 6, 190, 244, 176, 7, 0, 20, 14, 1, 2, 0, 0, 0, 0, 1, 1, 0, 0, 5, 3, 0, 0, 0, 0, 0, 3, 139, 101, 3, 0, 255, 198, 7, 69, 250, 182, 7, 255, 253, 184, 6, 253, 255, 190, 4, 255, 97, 85, 53, 255, 99, 85, 50, 255, 255, 190, 3, 255, 253, 184, 6, 252, 250, 181, 6, 255, 255, 196, 6, 70, 139, 101, 3, 0, 0, 0, 0, 3, 4, 3, 0, 0, 0, 0, 0, 0, 23, 17, 0, 2, 247, 180, 7, 0, 255, 187, 6, 196, 253, 184, 6, 255, 252, 184, 6, 252, 255, 192, 3, 255, 100, 86, 49, 255, 102, 87, 47, 255, 255, 192, 3, 255, 252, 183, 7, 252, 253, 183, 6, 255, 255, 186, 6, 196, 247, 179, 6, 0, 23, 16, 0, 2, 0, 0, 0, 0, 0, 0, 0, 4, 143, 103, 3, 0, 255, 199, 6, 76, 250, 182, 6, 255, 254, 185, 6, 252, 252, 184, 7, 255, 255, 193, 3, 255, 98, 84, 47, 255, 101, 85, 45, 255, 255, 193, 3, 255, 252, 182, 7, 255, 254, 184, 6, 252, 250, 181, 6, 255, 255, 198, 6, 77, 144, 104, 3, 0, 0, 0, 0, 4, 30, 21, 0, 1, 243, 174, 6, 0, 255, 187, 6, 202, 253, 185, 6, 255, 254, 185, 6, 252, 252, 184, 7, 255, 255, 193, 3, 255, 116, 94, 39, 255, 119, 96, 37, 255, 255, 192, 3, 255, 252, 183, 7, 255, 254, 184, 6, 252, 253, 184, 6, 255, 255, 186, 6, 203, 249, 177, 4, 0, 35, 25, 0, 1, 165, 119, 3, 0, 255, 194, 5, 81, 251, 183, 6, 255, 254, 185, 6, 252, 254, 185, 6, 255, 253, 184, 6, 255, 255, 188, 5, 255, 234, 172, 10, 255, 234, 171, 10, 255, 255, 187, 5, 255, 253, 183, 6, 255, 254, 184, 6, 255, 254, 184, 6, 252, 251, 182, 6, 255, 255, 191, 3, 82, 168, 120, 3, 0, 252, 183, 5, 0, 255, 185, 6, 204, 254, 185, 6, 255, 254, 185, 6, 253, 254, 185, 6, 255, 254, 185, 6, 255, 255, 186, 6, 255, 87, 73, 38, 255, 85, 72, 37, 255, 255, 185, 6, 255, 254, 184, 6, 255, 254, 184, 6, 255, 254, 184, 6, 252, 254, 184, 5, 255, 254, 184, 5, 204, 255, 187, 3, 0, 254, 185, 5, 94, 254, 185, 6, 255, 254, 185, 6, 251, 254, 185, 6, 254, 254, 185, 6, 254, 254, 185, 6, 254, 255, 186, 6, 254, 90, 74, 34, 254, 88, 72, 34, 254, 255, 186, 5, 254, 254, 184, 6, 254, 254, 184, 6, 254, 254, 184, 5, 254, 254, 184, 5, 251, 254, 183, 5, 255, 253, 182, 4, 95, 254, 184, 6, 230, 254, 185, 6, 255, 254, 185, 6, 255, 254, 185, 6, 255, 254, 185, 6, 255, 253, 184, 6, 255, 255, 186, 6, 255, 252, 183, 6, 255, 252, 182, 6, 255, 255, 186, 6, 255, 253, 184, 6, 255, 254, 184, 5, 255, 254, 184, 5, 255, 254, 184, 5, 255, 254, 183, 5, 255, 254, 183, 5, 230, 254, 185, 6, 190, 254, 185, 6, 233, 254, 185, 6, 227, 254, 185, 6, 228, 254, 184, 6, 228, 254, 184, 6, 228, 254, 184, 6, 228, 255, 185, 6, 228, 255, 185, 6, 228, 254, 184, 6, 228, 254, 184, 5, 228, 254, 184, 5, 228, 254, 184, 5, 228, 254, 183, 5, 227, 254, 183, 5, 233, 254, 183, 5, 190),
"format": "RGBA8",
"height": 16,
"mipmaps": false,
"width": 16
},"script":null)
,"script":null,"metadata/path":"res://addons/fancy_folder_icons/samples/warning.png")

}
